69.000000 49.000000 55
65.000000 50.000000 52
52.000000 50.000000 67
51.000000 70.000000 53
65.000000 52.000000 52
50.000000 0.000000 56.000000 70.000000 67
50.000000 49.000000 68
52.000000 50.000000 67
51.000000 70.000000 53
65.000000 52.000000 52
50.000000 0.000000 51.000000 68.000000 48
65.000000 49.000000 55
52.000000 50.000000 67
51.000000 70.000000 53
65.000000 52.000000 52
50.000000 0.000000 69.000000 67.000000 53
49.000000 49.000000 48
52.000000 50.000000 67
51.000000 70.000000 53
65.000000 52.000000 52
50.000000 0.000000 57.000000 65.000000 57
57.000000 48.000000 57
52.000000 50.000000 67
51.000000 70.000000 53
65.000000 52.000000 52
50.000000 0.000000 57.000000 65.000000 57
57.000000 48.000000 57
52.000000 50.000000 67
51.000000 70.000000 53
65.000000 52.000000 52
50.000000 0.000000 57.000000 65.000000 57
57.000000 48.000000 57
52.000000 50.000000 67
51.000000 70.000000 53
65.000000 52.000000 52
50.000000 0.000000 57.000000 65.000000 57
57.000000 48.000000 57
52.000000 50.000000 67
51.000000 70.000000 53
65.000000 52.000000 52
50.000000 0.000000 57.000000 65.000000 57
57.000000 48.000000 57
52.000000 50.000000 67
51.000000 70.000000 53
65.000000 52.000000 52
50.000000 0.000000 57.000000 65.000000 57
57.000000 48.000000 57
52.000000 50.000000 67
51.000000 70.000000 53
65.000000 52.000000 52
50.000000 0.000000 