1.44 126.0 1.44 91.6
1.44 91.6 1.44 81.84
1.44 81.84 1.44 70.48
1.44 91.6 34.4 91.6
1.44 81.84 12.96 81.84
1.44 70.48 16.96 70.48
16.96 70.48 16.96 78.64
16.96 70.48 24.64 70.48
24.64 70.48 24.64 78.64
24.64 70.48 34.4 70.48
34.4 70.48 34.4 82.48
34.4 82.48 41.12 82.48
34.4 82.48 34.4 91.6
34.4 91.6 51.84 91.6
34.4 70.48 39.36 70.48
39.36 70.48 46.24 70.48
46.24 70.48 48.32 70.48
48.32 70.48 51.84 70.48
48.32 70.48 48.32 78.48
39.36 70.48 39.36 62.48
46.24 70.48 46.24 62.48
39.36 62.48 46.24 62.48
51.84 91.6 51.84 82.8
51.84 82.8 51.84 79.6
51.84 79.6 51.84 70.48
48.48 82.8 51.84 82.8
51.84 70.48 68.96 70.48
68.96 70.48 68.96 79.6
51.84 79.6 68.96 79.6
68.96 79.6 79.2 79.6
79.2 79.6 81.12 75.68
81.12 75.68 124.8 75.68
