1.440000 126.000000 1.440000 124.988235
1.440000 124.988235 1.440000 123.976471
1.440000 123.976471 1.440000 122.964706
1.440000 122.964706 1.440000 121.952941
1.440000 121.952941 1.440000 120.941176
1.440000 120.941176 1.440000 119.929412
1.440000 119.929412 1.440000 118.917647
1.440000 118.917647 1.440000 117.905882
1.440000 117.905882 1.440000 116.894118
1.440000 116.894118 1.440000 115.882353
1.440000 115.882353 1.440000 114.870588
1.440000 114.870588 1.440000 113.858824
1.440000 113.858824 1.440000 112.847059
1.440000 112.847059 1.440000 111.835294
1.440000 111.835294 1.440000 110.823529
1.440000 110.823529 1.440000 109.811765
1.440000 109.811765 1.440000 108.800000
1.440000 108.800000 1.440000 107.788235
1.440000 107.788235 1.440000 106.776471
1.440000 106.776471 1.440000 105.764706
1.440000 105.764706 1.440000 104.752941
1.440000 104.752941 1.440000 103.741176
1.440000 103.741176 1.440000 102.729412
1.440000 102.729412 1.440000 101.717647
1.440000 101.717647 1.440000 100.705882
1.440000 100.705882 1.440000 99.694118
1.440000 99.694118 1.440000 98.682353
1.440000 98.682353 1.440000 97.670588
1.440000 97.670588 1.440000 96.658824
1.440000 96.658824 1.440000 95.647059
1.440000 95.647059 1.440000 94.635294
1.440000 94.635294 1.440000 93.623529
1.440000 93.623529 1.440000 92.611765
1.440000 92.611765 1.440000 91.600000
1.440000 91.600000 1.440000 90.515556
1.440000 90.515556 1.440000 89.431111
1.440000 89.431111 1.440000 88.346667
1.440000 88.346667 1.440000 87.262222
1.440000 87.262222 1.440000 86.177778
1.440000 86.177778 1.440000 85.093333
1.440000 85.093333 1.440000 84.008889
1.440000 84.008889 1.440000 82.924444
1.440000 82.924444 1.440000 81.840000
1.440000 81.840000 1.440000 80.807273
1.440000 80.807273 1.440000 79.774545
1.440000 79.774545 1.440000 78.741818
1.440000 78.741818 1.440000 77.709091
1.440000 77.709091 1.440000 76.676364
1.440000 76.676364 1.440000 75.643636
1.440000 75.643636 1.440000 74.610909
1.440000 74.610909 1.440000 73.578182
1.440000 73.578182 1.440000 72.545455
1.440000 72.545455 1.440000 71.512727
1.440000 71.512727 1.440000 70.480000
1.440000 91.600000 2.470000 91.600000
2.470000 91.600000 3.500000 91.600000
3.500000 91.600000 4.530000 91.600000
4.530000 91.600000 5.560000 91.600000
5.560000 91.600000 6.590000 91.600000
6.590000 91.600000 7.620000 91.600000
7.620000 91.600000 8.650000 91.600000
8.650000 91.600000 9.680000 91.600000
9.680000 91.600000 10.710000 91.600000
10.710000 91.600000 11.740000 91.600000
11.740000 91.600000 12.770000 91.600000
12.770000 91.600000 13.800000 91.600000
13.800000 91.600000 14.830000 91.600000
14.830000 91.600000 15.860000 91.600000
15.860000 91.600000 16.890000 91.600000
16.890000 91.600000 17.920000 91.600000
17.920000 91.600000 18.950000 91.600000
18.950000 91.600000 19.980000 91.600000
19.980000 91.600000 21.010000 91.600000
21.010000 91.600000 22.040000 91.600000
22.040000 91.600000 23.070000 91.600000
23.070000 91.600000 24.100000 91.600000
24.100000 91.600000 25.130000 91.600000
25.130000 91.600000 26.160000 91.600000
26.160000 91.600000 27.190000 91.600000
27.190000 91.600000 28.220000 91.600000
28.220000 91.600000 29.250000 91.600000
29.250000 91.600000 30.280000 91.600000
30.280000 91.600000 31.310000 91.600000
31.310000 91.600000 32.340000 91.600000
32.340000 91.600000 33.370000 91.600000
33.370000 91.600000 34.400000 91.600000
1.440000 81.840000 2.487273 81.840000
2.487273 81.840000 3.534545 81.840000
3.534545 81.840000 4.581818 81.840000
4.581818 81.840000 5.629091 81.840000
5.629091 81.840000 6.676364 81.840000
6.676364 81.840000 7.723636 81.840000
7.723636 81.840000 8.770909 81.840000
8.770909 81.840000 9.818182 81.840000
9.818182 81.840000 10.865455 81.840000
10.865455 81.840000 11.912727 81.840000
11.912727 81.840000 12.960000 81.840000
1.440000 70.480000 2.474667 70.480000
2.474667 70.480000 3.509333 70.480000
3.509333 70.480000 4.544000 70.480000
4.544000 70.480000 5.578667 70.480000
5.578667 70.480000 6.613333 70.480000
6.613333 70.480000 7.648000 70.480000
7.648000 70.480000 8.682667 70.480000
8.682667 70.480000 9.717333 70.480000
9.717333 70.480000 10.752000 70.480000
10.752000 70.480000 11.786667 70.480000
11.786667 70.480000 12.821333 70.480000
12.821333 70.480000 13.856000 70.480000
13.856000 70.480000 14.890667 70.480000
14.890667 70.480000 15.925333 70.480000
15.925333 70.480000 16.960000 70.480000
16.960000 70.480000 16.960000 71.500000
16.960000 71.500000 16.960000 72.520000
16.960000 72.520000 16.960000 73.540000
16.960000 73.540000 16.960000 74.560000
16.960000 74.560000 16.960000 75.580000
16.960000 75.580000 16.960000 76.600000
16.960000 76.600000 16.960000 77.620000
16.960000 77.620000 16.960000 78.640000
16.960000 70.480000 18.057143 70.480000
18.057143 70.480000 19.154286 70.480000
19.154286 70.480000 20.251429 70.480000
20.251429 70.480000 21.348571 70.480000
21.348571 70.480000 22.445714 70.480000
22.445714 70.480000 23.542857 70.480000
23.542857 70.480000 24.640000 70.480000
24.640000 70.480000 24.640000 71.500000
24.640000 71.500000 24.640000 72.520000
24.640000 72.520000 24.640000 73.540000
24.640000 73.540000 24.640000 74.560000
24.640000 74.560000 24.640000 75.580000
24.640000 75.580000 24.640000 76.600000
24.640000 76.600000 24.640000 77.620000
24.640000 77.620000 24.640000 78.640000
24.640000 70.480000 25.724444 70.480000
25.724444 70.480000 26.808889 70.480000
26.808889 70.480000 27.893333 70.480000
27.893333 70.480000 28.977778 70.480000
28.977778 70.480000 30.062222 70.480000
30.062222 70.480000 31.146667 70.480000
31.146667 70.480000 32.231111 70.480000
32.231111 70.480000 33.315556 70.480000
33.315556 70.480000 34.400000 70.480000
34.400000 70.480000 34.400000 71.570909
34.400000 71.570909 34.400000 72.661818
34.400000 72.661818 34.400000 73.752727
34.400000 73.752727 34.400000 74.843636
34.400000 74.843636 34.400000 75.934545
34.400000 75.934545 34.400000 77.025455
34.400000 77.025455 34.400000 78.116364
34.400000 78.116364 34.400000 79.207273
34.400000 79.207273 34.400000 80.298182
34.400000 80.298182 34.400000 81.389091
34.400000 81.389091 34.400000 82.480000
34.400000 82.480000 35.520000 82.480000
35.520000 82.480000 36.640000 82.480000
36.640000 82.480000 37.760000 82.480000
37.760000 82.480000 38.880000 82.480000
38.880000 82.480000 40.000000 82.480000
40.000000 82.480000 41.120000 82.480000
34.400000 82.480000 34.400000 83.493333
34.400000 83.493333 34.400000 84.506667
34.400000 84.506667 34.400000 85.520000
34.400000 85.520000 34.400000 86.533333
34.400000 86.533333 34.400000 87.546667
34.400000 87.546667 34.400000 88.560000
34.400000 88.560000 34.400000 89.573333
34.400000 89.573333 34.400000 90.586667
34.400000 90.586667 34.400000 91.600000
34.400000 91.600000 35.425882 91.600000
35.425882 91.600000 36.451765 91.600000
36.451765 91.600000 37.477647 91.600000
37.477647 91.600000 38.503529 91.600000
38.503529 91.600000 39.529412 91.600000
39.529412 91.600000 40.555294 91.600000
40.555294 91.600000 41.581176 91.600000
41.581176 91.600000 42.607059 91.600000
42.607059 91.600000 43.632941 91.600000
43.632941 91.600000 44.658824 91.600000
44.658824 91.600000 45.684706 91.600000
45.684706 91.600000 46.710588 91.600000
46.710588 91.600000 47.736471 91.600000
47.736471 91.600000 48.762353 91.600000
48.762353 91.600000 49.788235 91.600000
49.788235 91.600000 50.814118 91.600000
50.814118 91.600000 51.840000 91.600000
34.400000 70.480000 35.640000 70.480000
35.640000 70.480000 36.880000 70.480000
36.880000 70.480000 38.120000 70.480000
38.120000 70.480000 39.360000 70.480000
39.360000 70.480000 40.506667 70.480000
40.506667 70.480000 41.653333 70.480000
41.653333 70.480000 42.800000 70.480000
42.800000 70.480000 43.946667 70.480000
43.946667 70.480000 45.093333 70.480000
45.093333 70.480000 46.240000 70.480000
46.240000 70.480000 47.280000 70.480000
47.280000 70.480000 48.320000 70.480000
48.320000 70.480000 49.493333 70.480000
49.493333 70.480000 50.666667 70.480000
50.666667 70.480000 51.840000 70.480000
48.320000 70.480000 48.320000 71.622857
48.320000 71.622857 48.320000 72.765714
48.320000 72.765714 48.320000 73.908571
48.320000 73.908571 48.320000 75.051429
48.320000 75.051429 48.320000 76.194286
48.320000 76.194286 48.320000 77.337143
48.320000 77.337143 48.320000 78.480000
39.360000 70.480000 39.360000 69.480000
39.360000 69.480000 39.360000 68.480000
39.360000 68.480000 39.360000 67.480000
39.360000 67.480000 39.360000 66.480000
39.360000 66.480000 39.360000 65.480000
39.360000 65.480000 39.360000 64.480000
39.360000 64.480000 39.360000 63.480000
39.360000 63.480000 39.360000 62.480000
46.240000 70.480000 46.240000 69.480000
46.240000 69.480000 46.240000 68.480000
46.240000 68.480000 46.240000 67.480000
46.240000 67.480000 46.240000 66.480000
46.240000 66.480000 46.240000 65.480000
46.240000 65.480000 46.240000 64.480000
46.240000 64.480000 46.240000 63.480000
46.240000 63.480000 46.240000 62.480000
39.360000 62.480000 40.506667 62.480000
40.506667 62.480000 41.653333 62.480000
41.653333 62.480000 42.800000 62.480000
42.800000 62.480000 43.946667 62.480000
43.946667 62.480000 45.093333 62.480000
45.093333 62.480000 46.240000 62.480000
51.840000 91.600000 51.840000 90.500000
51.840000 90.500000 51.840000 89.400000
51.840000 89.400000 51.840000 88.300000
51.840000 88.300000 51.840000 87.200000
51.840000 87.200000 51.840000 86.100000
51.840000 86.100000 51.840000 85.000000
51.840000 85.000000 51.840000 83.900000
51.840000 83.900000 51.840000 82.800000
51.840000 82.800000 51.840000 81.733333
51.840000 81.733333 51.840000 80.666667
51.840000 80.666667 51.840000 79.600000
51.840000 79.600000 51.840000 78.586667
51.840000 78.586667 51.840000 77.573333
51.840000 77.573333 51.840000 76.560000
51.840000 76.560000 51.840000 75.546667
51.840000 75.546667 51.840000 74.533333
51.840000 74.533333 51.840000 73.520000
51.840000 73.520000 51.840000 72.506667
51.840000 72.506667 51.840000 71.493333
51.840000 71.493333 51.840000 70.480000
48.480000 82.800000 49.600000 82.800000
49.600000 82.800000 50.720000 82.800000
50.720000 82.800000 51.840000 82.800000
51.840000 70.480000 52.847059 70.480000
52.847059 70.480000 53.854118 70.480000
53.854118 70.480000 54.861176 70.480000
54.861176 70.480000 55.868235 70.480000
55.868235 70.480000 56.875294 70.480000
56.875294 70.480000 57.882353 70.480000
57.882353 70.480000 58.889412 70.480000
58.889412 70.480000 59.896471 70.480000
59.896471 70.480000 60.903529 70.480000
60.903529 70.480000 61.910588 70.480000
61.910588 70.480000 62.917647 70.480000
62.917647 70.480000 63.924706 70.480000
63.924706 70.480000 64.931765 70.480000
64.931765 70.480000 65.938824 70.480000
65.938824 70.480000 66.945882 70.480000
66.945882 70.480000 67.952941 70.480000
67.952941 70.480000 68.960000 70.480000
68.960000 70.480000 68.960000 71.493333
68.960000 71.493333 68.960000 72.506667
68.960000 72.506667 68.960000 73.520000
68.960000 73.520000 68.960000 74.533333
68.960000 74.533333 68.960000 75.546667
68.960000 75.546667 68.960000 76.560000
68.960000 76.560000 68.960000 77.573333
68.960000 77.573333 68.960000 78.586667
68.960000 78.586667 68.960000 79.600000
51.840000 79.600000 52.847059 79.600000
52.847059 79.600000 53.854118 79.600000
53.854118 79.600000 54.861176 79.600000
54.861176 79.600000 55.868235 79.600000
55.868235 79.600000 56.875294 79.600000
56.875294 79.600000 57.882353 79.600000
57.882353 79.600000 58.889412 79.600000
58.889412 79.600000 59.896471 79.600000
59.896471 79.600000 60.903529 79.600000
60.903529 79.600000 61.910588 79.600000
61.910588 79.600000 62.917647 79.600000
62.917647 79.600000 63.924706 79.600000
63.924706 79.600000 64.931765 79.600000
64.931765 79.600000 65.938824 79.600000
65.938824 79.600000 66.945882 79.600000
66.945882 79.600000 67.952941 79.600000
67.952941 79.600000 68.960000 79.600000
68.960000 79.600000 69.984000 79.600000
69.984000 79.600000 71.008000 79.600000
71.008000 79.600000 72.032000 79.600000
72.032000 79.600000 73.056000 79.600000
73.056000 79.600000 74.080000 79.600000
74.080000 79.600000 75.104000 79.600000
75.104000 79.600000 76.128000 79.600000
76.128000 79.600000 77.152000 79.600000
77.152000 79.600000 78.176000 79.600000
78.176000 79.600000 79.200000 79.600000
79.200000 79.600000 79.840000 78.293333
79.840000 78.293333 80.480000 76.986667
80.480000 76.986667 81.120000 75.680000
81.120000 75.680000 82.135814 75.680000
82.135814 75.680000 83.151628 75.680000
83.151628 75.680000 84.167442 75.680000
84.167442 75.680000 85.183256 75.680000
85.183256 75.680000 86.199070 75.680000
86.199070 75.680000 87.214884 75.680000
87.214884 75.680000 88.230698 75.680000
88.230698 75.680000 89.246512 75.680000
89.246512 75.680000 90.262326 75.680000
90.262326 75.680000 91.278140 75.680000
91.278140 75.680000 92.293953 75.680000
92.293953 75.680000 93.309767 75.680000
93.309767 75.680000 94.325581 75.680000
94.325581 75.680000 95.341395 75.680000
95.341395 75.680000 96.357209 75.680000
96.357209 75.680000 97.373023 75.680000
97.373023 75.680000 98.388837 75.680000
98.388837 75.680000 99.404651 75.680000
99.404651 75.680000 100.420465 75.680000
100.420465 75.680000 101.436279 75.680000
101.436279 75.680000 102.452093 75.680000
102.452093 75.680000 103.467907 75.680000
103.467907 75.680000 104.483721 75.680000
104.483721 75.680000 105.499535 75.680000
105.499535 75.680000 106.515349 75.680000
106.515349 75.680000 107.531163 75.680000
107.531163 75.680000 108.546977 75.680000
108.546977 75.680000 109.562791 75.680000
109.562791 75.680000 110.578605 75.680000
110.578605 75.680000 111.594419 75.680000
111.594419 75.680000 112.610233 75.680000
112.610233 75.680000 113.626047 75.680000
113.626047 75.680000 114.641860 75.680000
114.641860 75.680000 115.657674 75.680000
115.657674 75.680000 116.673488 75.680000
116.673488 75.680000 117.689302 75.680000
117.689302 75.680000 118.705116 75.680000
118.705116 75.680000 119.720930 75.680000
119.720930 75.680000 120.736744 75.680000
120.736744 75.680000 121.752558 75.680000
121.752558 75.680000 122.768372 75.680000
122.768372 75.680000 123.784186 75.680000
123.784186 75.680000 124.800000 75.680000
